{
 "cells": [
  {
   "cell_type": "code",
   "execution_count": 1,
   "metadata": {},
   "outputs": [],
   "source": [
    "from sklearn.linear_model import LinearRegression"
   ]
  },
  {
   "cell_type": "code",
   "execution_count": 2,
   "metadata": {},
   "outputs": [],
   "source": [
    "import pandas as pd"
   ]
  },
  {
   "cell_type": "code",
   "execution_count": 3,
   "metadata": {},
   "outputs": [],
   "source": [
    "data = pd.read_csv('https://raw.githubusercontent.com/zekelabs/machine-learning-for-beginners/master/data/house_rental_data.csv', index_col='Unnamed: 0')"
   ]
  },
  {
   "cell_type": "code",
   "execution_count": 5,
   "metadata": {},
   "outputs": [],
   "source": [
    "from sklearn.model_selection import train_test_split"
   ]
  },
  {
   "cell_type": "code",
   "execution_count": 6,
   "metadata": {},
   "outputs": [],
   "source": [
    "trainX,testX,trainY,testY = train_test_split(data.drop('Price',axis=1), data.Price)"
   ]
  },
  {
   "cell_type": "code",
   "execution_count": 7,
   "metadata": {},
   "outputs": [],
   "source": [
    "lr = LinearRegression(fit_intercept=True)"
   ]
  },
  {
   "cell_type": "code",
   "execution_count": 8,
   "metadata": {},
   "outputs": [
    {
     "data": {
      "text/plain": [
       "LinearRegression(copy_X=True, fit_intercept=True, n_jobs=1, normalize=False)"
      ]
     },
     "execution_count": 8,
     "metadata": {},
     "output_type": "execute_result"
    }
   ],
   "source": [
    "lr.fit(trainX,trainY)"
   ]
  },
  {
   "cell_type": "code",
   "execution_count": 9,
   "metadata": {},
   "outputs": [],
   "source": [
    "from sklearn.metrics import mean_absolute_error"
   ]
  },
  {
   "cell_type": "code",
   "execution_count": 10,
   "metadata": {},
   "outputs": [],
   "source": [
    "pred = lr.predict(testX)"
   ]
  },
  {
   "cell_type": "code",
   "execution_count": 11,
   "metadata": {},
   "outputs": [
    {
     "data": {
      "text/plain": [
       "14944.433512209534"
      ]
     },
     "execution_count": 11,
     "metadata": {},
     "output_type": "execute_result"
    }
   ],
   "source": [
    "mean_absolute_error(y_pred=pred, y_true=testY)"
   ]
  },
  {
   "cell_type": "code",
   "execution_count": 12,
   "metadata": {},
   "outputs": [
    {
     "data": {
      "text/plain": [
       "array([   41.58770364,  1015.11303191,   112.77079719, -2693.0414764 ,\n",
       "       -3706.40247949,  2029.46034306])"
      ]
     },
     "execution_count": 12,
     "metadata": {},
     "output_type": "execute_result"
    }
   ],
   "source": [
    "lr.coef_"
   ]
  },
  {
   "cell_type": "code",
   "execution_count": 13,
   "metadata": {},
   "outputs": [
    {
     "data": {
      "text/plain": [
       "1977.7544547837679"
      ]
     },
     "execution_count": 13,
     "metadata": {},
     "output_type": "execute_result"
    }
   ],
   "source": [
    "lr.intercept_"
   ]
  },
  {
   "cell_type": "code",
   "execution_count": 14,
   "metadata": {},
   "outputs": [
    {
     "data": {
      "text/html": [
       "<div>\n",
       "<style scoped>\n",
       "    .dataframe tbody tr th:only-of-type {\n",
       "        vertical-align: middle;\n",
       "    }\n",
       "\n",
       "    .dataframe tbody tr th {\n",
       "        vertical-align: top;\n",
       "    }\n",
       "\n",
       "    .dataframe thead th {\n",
       "        text-align: right;\n",
       "    }\n",
       "</style>\n",
       "<table border=\"1\" class=\"dataframe\">\n",
       "  <thead>\n",
       "    <tr style=\"text-align: right;\">\n",
       "      <th></th>\n",
       "      <th>Sqft</th>\n",
       "      <th>Floor</th>\n",
       "      <th>TotalFloor</th>\n",
       "      <th>Bedroom</th>\n",
       "      <th>Living.Room</th>\n",
       "      <th>Bathroom</th>\n",
       "      <th>Price</th>\n",
       "    </tr>\n",
       "  </thead>\n",
       "  <tbody>\n",
       "    <tr>\n",
       "      <th>Sqft</th>\n",
       "      <td>1.000000</td>\n",
       "      <td>0.143249</td>\n",
       "      <td>0.304515</td>\n",
       "      <td>0.615608</td>\n",
       "      <td>0.455940</td>\n",
       "      <td>0.728869</td>\n",
       "      <td>0.825514</td>\n",
       "    </tr>\n",
       "    <tr>\n",
       "      <th>Floor</th>\n",
       "      <td>0.143249</td>\n",
       "      <td>1.000000</td>\n",
       "      <td>0.564221</td>\n",
       "      <td>0.023986</td>\n",
       "      <td>-0.023563</td>\n",
       "      <td>0.099772</td>\n",
       "      <td>0.244553</td>\n",
       "    </tr>\n",
       "    <tr>\n",
       "      <th>TotalFloor</th>\n",
       "      <td>0.304515</td>\n",
       "      <td>0.564221</td>\n",
       "      <td>1.000000</td>\n",
       "      <td>0.067298</td>\n",
       "      <td>0.029373</td>\n",
       "      <td>0.146132</td>\n",
       "      <td>0.333631</td>\n",
       "    </tr>\n",
       "    <tr>\n",
       "      <th>Bedroom</th>\n",
       "      <td>0.615608</td>\n",
       "      <td>0.023986</td>\n",
       "      <td>0.067298</td>\n",
       "      <td>1.000000</td>\n",
       "      <td>0.526532</td>\n",
       "      <td>0.643083</td>\n",
       "      <td>0.467059</td>\n",
       "    </tr>\n",
       "    <tr>\n",
       "      <th>Living.Room</th>\n",
       "      <td>0.455940</td>\n",
       "      <td>-0.023563</td>\n",
       "      <td>0.029373</td>\n",
       "      <td>0.526532</td>\n",
       "      <td>1.000000</td>\n",
       "      <td>0.546826</td>\n",
       "      <td>0.328788</td>\n",
       "    </tr>\n",
       "    <tr>\n",
       "      <th>Bathroom</th>\n",
       "      <td>0.728869</td>\n",
       "      <td>0.099772</td>\n",
       "      <td>0.146132</td>\n",
       "      <td>0.643083</td>\n",
       "      <td>0.546826</td>\n",
       "      <td>1.000000</td>\n",
       "      <td>0.605542</td>\n",
       "    </tr>\n",
       "    <tr>\n",
       "      <th>Price</th>\n",
       "      <td>0.825514</td>\n",
       "      <td>0.244553</td>\n",
       "      <td>0.333631</td>\n",
       "      <td>0.467059</td>\n",
       "      <td>0.328788</td>\n",
       "      <td>0.605542</td>\n",
       "      <td>1.000000</td>\n",
       "    </tr>\n",
       "  </tbody>\n",
       "</table>\n",
       "</div>"
      ],
      "text/plain": [
       "                 Sqft     Floor  TotalFloor   Bedroom  Living.Room  Bathroom  \\\n",
       "Sqft         1.000000  0.143249    0.304515  0.615608     0.455940  0.728869   \n",
       "Floor        0.143249  1.000000    0.564221  0.023986    -0.023563  0.099772   \n",
       "TotalFloor   0.304515  0.564221    1.000000  0.067298     0.029373  0.146132   \n",
       "Bedroom      0.615608  0.023986    0.067298  1.000000     0.526532  0.643083   \n",
       "Living.Room  0.455940 -0.023563    0.029373  0.526532     1.000000  0.546826   \n",
       "Bathroom     0.728869  0.099772    0.146132  0.643083     0.546826  1.000000   \n",
       "Price        0.825514  0.244553    0.333631  0.467059     0.328788  0.605542   \n",
       "\n",
       "                Price  \n",
       "Sqft         0.825514  \n",
       "Floor        0.244553  \n",
       "TotalFloor   0.333631  \n",
       "Bedroom      0.467059  \n",
       "Living.Room  0.328788  \n",
       "Bathroom     0.605542  \n",
       "Price        1.000000  "
      ]
     },
     "execution_count": 14,
     "metadata": {},
     "output_type": "execute_result"
    }
   ],
   "source": [
    "data.corr()"
   ]
  },
  {
   "cell_type": "code",
   "execution_count": null,
   "metadata": {},
   "outputs": [],
   "source": []
  }
 ],
 "metadata": {
  "kernelspec": {
   "display_name": "Python 3",
   "language": "python",
   "name": "python3"
  },
  "language_info": {
   "codemirror_mode": {
    "name": "ipython",
    "version": 3
   },
   "file_extension": ".py",
   "mimetype": "text/x-python",
   "name": "python",
   "nbconvert_exporter": "python",
   "pygments_lexer": "ipython3",
   "version": "3.6.4"
  }
 },
 "nbformat": 4,
 "nbformat_minor": 2
}
